set.name	set.size	overlap	p.val	q.val
KEGG_GLYCOSAMINOGLYCAN_BIOSYNTHESIS_HEPARAN_SULFATE	23	5	8.000915226737937e-4	0.14881702321732562
KEGG_SULFUR_METABOLISM	12	3	0.002361797663469154	0.2196471827026313
KEGG_ALZHEIMERS_DISEASE	142	13	0.012701450648593036	0.6542582358203581
KEGG_SMALL_CELL_LUNG_CANCER	80	8	0.019625359689272526	0.6542582358203581
KEGG_PRIMARY_BILE_ACID_BIOSYNTHESIS	12	2	0.020484409987023763	0.6542582358203581
KEGG_TASTE_TRANSDUCTION	33	4	0.024386652994881807	0.6542582358203581
KEGG_LEUKOCYTE_TRANSENDOTHELIAL_MIGRATION	97	9	0.024957285318241002	0.6542582358203581
KEGG_NEUROTROPHIN_SIGNALING_PATHWAY	116	10	0.03322916526549046	0.6542582358203581
KEGG_NATURAL_KILLER_CELL_MEDIATED_CYTOTOXICITY	102	9	0.03392675145042248	0.6542582358203581
KEGG_AMINOACYL_TRNA_BIOSYNTHESIS	41	4	0.05556130642762253	0.6542582358203581
KEGG_CALCIUM_SIGNALING_PATHWAY	157	12	0.055865292639384334	0.6542582358203581
KEGG_GLYCOSAMINOGLYCAN_DEGRADATION	18	2	0.060726113020061485	0.6542582358203581
KEGG_CHRONIC_MYELOID_LEUKEMIA	70	6	0.06426706926657363	0.6542582358203581
KEGG_PHOSPHATIDYLINOSITOL_SIGNALING_SYSTEM	72	6	0.07259619024500916	0.6542582358203581
KEGG_VALINE_LEUCINE_AND_ISOLEUCINE_BIOSYNTHESIS	9	1	0.0736681835548284	0.6542582358203581
KEGG_FOCAL_ADHESION	181	13	0.07646144484836853	0.6542582358203581
KEGG_PATHWAYS_IN_CANCER	302	20	0.08770212005718445	0.6542582358203581
KEGG_VIBRIO_CHOLERAE_INFECTION	47	4	0.0892799089113317	0.6542582358203581
KEGG_FC_GAMMA_R_MEDIATED_PHAGOCYTOSIS	91	7	0.09116632583888332	0.6542582358203581
KEGG_LONG_TERM_POTENTIATION	62	5	0.09444820159303033	0.6542582358203581
KEGG_GLIOMA	62	5	0.09444820159303033	0.6542582358203581
KEGG_BIOSYNTHESIS_OF_UNSATURATED_FATTY_ACIDS	22	2	0.09891637945972383	0.6542582358203581
KEGG_RENAL_CELL_CARCINOMA	64	5	0.10611619762836914	0.6542582358203581
KEGG_TGF_BETA_SIGNALING_PATHWAY	79	6	0.1065453839749065	0.6542582358203581
KEGG_METABOLISM_OF_XENOBIOTICS_BY_CYTOCHROME_P450	36	3	0.10884922472182242	0.6542582358203581
KEGG_SELENOAMINO_ACID_METABOLISM	23	2	0.10967376937537744	0.6542582358203581
KEGG_INOSITOL_PHOSPHATE_METABOLISM	51	4	0.11650912897199363	0.6542582358203581
KEGG_ERBB_SIGNALING_PATHWAY	82	6	0.12332385490118132	0.6542582358203581
KEGG_PATHOGENIC_ESCHERICHIA_COLI_INFECTION	52	4	0.12387185148864631	0.6542582358203581
KEGG_NON_SMALL_CELL_LUNG_CANCER	52	4	0.12387185148864631	0.6542582358203581
KEGG_GAP_JUNCTION	83	6	0.1292019161760216	0.6542582358203581
KEGG_HISTIDINE_METABOLISM	25	2	0.13244444379363074	0.6542582358203581
KEGG_TYPE_II_DIABETES_MELLITUS	39	3	0.13544712686891053	0.6542582358203581
KEGG_ADHERENS_JUNCTION	69	5	0.13835112521990245	0.6542582358203581
KEGG_STEROID_BIOSYNTHESIS	13	1	0.13986010565853577	0.6542582358203581
KEGG_ETHER_LIPID_METABOLISM	26	2	0.1443992852378183	0.6542582358203581
KEGG_ABC_TRANSPORTERS	40	3	0.14485174976132065	0.6542582358203581
KEGG_COMPLEMENT_AND_COAGULATION_CASCADES	55	4	0.14720036406586862	0.6542582358203581
KEGG_VASCULAR_SMOOTH_MUSCLE_CONTRACTION	102	7	0.14783617798272305	0.6542582358203581
KEGG_PROTEASOME	41	3	0.15450477066226107	0.6542582358203581
KEGG_PPAR_SIGNALING_PATHWAY	56	4	0.15536791592276464	0.6542582358203581
KEGG_BUTANOATE_METABOLISM	27	2	0.15669453360923066	0.6542582358203581
KEGG_PHENYLALANINE_METABOLISM	14	1	0.15793015044642622	0.6542582358203581
KEGG_VALINE_LEUCINE_AND_ISOLEUCINE_DEGRADATION	42	3	0.1643930676560065	0.6542582358203581
KEGG_GLUTATHIONE_METABOLISM	42	3	0.1643930676560065	0.6542582358203581
KEGG_ALANINE_ASPARTATE_AND_GLUTAMATE_METABOLISM	28	2	0.16930081083959	0.6542582358203581
KEGG_CYTOSOLIC_DNA_SENSING_PATHWAY	43	3	0.17450324048308466	0.6542582358203581
KEGG_APOPTOSIS	74	5	0.17460199593144493	0.6542582358203581
KEGG_OTHER_GLYCAN_DEGRADATION	15	1	0.17640292525391096	0.6542582358203581
KEGG_HUNTINGTONS_DISEASE	158	10	0.1814779765665205	0.6542582358203581
KEGG_MELANOGENESIS	93	6	0.19515499939030645	0.6542582358203581
KEGG_PROPANOATE_METABOLISM	30	2	0.19533036330080913	0.6542582358203581
KEGG_N_GLYCAN_BIOSYNTHESIS	45	3	0.1953346071184582	0.6542582358203581
KEGG_MELANOMA	61	4	0.19881124305707512	0.6542582358203581
KEGG_ARACHIDONIC_ACID_METABOLISM	46	3	0.20602817514926244	0.6542582358203581
KEGG_NEUROACTIVE_LIGAND_RECEPTOR_INTERACTION	215	13	0.2061739120320694	0.6542582358203581
KEGG_EPITHELIAL_CELL_SIGNALING_IN_HELICOBACTER_PYLORI_INFECTION	62	4	0.20796589581707922	0.6542582358203581
KEGG_REGULATION_OF_ACTIN_CYTOSKELETON	181	11	0.2117741108726585	0.6542582358203581
KEGG_MAPK_SIGNALING_PATHWAY	234	14	0.21243547769328255	0.6542582358203581
KEGG_ONE_CARBON_POOL_BY_FOLATE	17	1	0.21421402396993228	0.6542582358203581
KEGG_TYROSINE_METABOLISM	32	2	0.22226046770562838	0.6542582358203581
KEGG_TYPE_I_DIABETES_MELLITUS	32	2	0.22226046770562838	0.6542582358203581
KEGG_SYSTEMIC_LUPUS_ERYTHEMATOSUS	80	5	0.22259295149941263	0.6542582358203581
KEGG_PANCREATIC_CANCER	65	4	0.23621350459361556	0.6542582358203581
KEGG_OOCYTE_MEIOSIS	99	6	0.24007346887244108	0.6542582358203581
KEGG_CHEMOKINE_SIGNALING_PATHWAY	151	9	0.24067090617977085	0.6542582358203581
KEGG_P53_SIGNALING_PATHWAY	66	4	0.24586238345003494	0.6542582358203581
KEGG_HEDGEHOG_SIGNALING_PATHWAY	50	3	0.2503312214798433	0.6542582358203581
KEGG_CYTOKINE_CYTOKINE_RECEPTOR_INTERACTION	171	10	0.25515991969802315	0.6542582358203581
KEGG_CELL_CYCLE	120	7	0.2681659745208076	0.6542582358203581
KEGG_INSULIN_SIGNALING_PATHWAY	120	7	0.2681659745208076	0.6542582358203581
KEGG_ASCORBATE_AND_ALDARATE_METABOLISM	6	0	0.26987576557026527	0.6542582358203581
KEGG_PENTOSE_PHOSPHATE_PATHWAY	20	1	0.2720033224327173	0.6542582358203581
KEGG_PORPHYRIN_AND_CHLOROPHYLL_METABOLISM	20	1	0.2720033224327173	0.6542582358203581
KEGG_REGULATION_OF_AUTOPHAGY	20	1	0.2720033224327173	0.6542582358203581
KEGG_RIG_I_LIKE_RECEPTOR_SIGNALING_PATHWAY	52	3	0.273207709423096	0.6542582358203581
KEGG_GNRH_SIGNALING_PATHWAY	86	5	0.27437506632923575	0.6542582358203581
KEGG_ARRHYTHMOGENIC_RIGHT_VENTRICULAR_CARDIOMYOPATHY_ARVC	69	4	0.27538882006626425	0.6542582358203581
KEGG_FATTY_ACID_METABOLISM	36	2	0.2779644876335696	0.6542582358203581
KEGG_ACUTE_MYELOID_LEUKEMIA	53	3	0.28478013094233406	0.6542582358203581
KEGG_BETA_ALANINE_METABOLISM	21	1	0.2913072693342542	0.6542582358203581
KEGG_GLYCOSAMINOGLYCAN_BIOSYNTHESIS_CHONDROITIN_SULFATE	21	1	0.2913072693342542	0.6542582358203581
KEGG_DRUG_METABOLISM_CYTOCHROME_P450	37	2	0.2921289639688176	0.6542582358203581
KEGG_B_CELL_RECEPTOR_SIGNALING_PATHWAY	71	4	0.2954714613382262	0.6542582358203581
KEGG_PYRIMIDINE_METABOLISM	90	5	0.3103815625649076	0.6716467749748553
KEGG_MISMATCH_REPAIR	22	1	0.3105463583217073	0.6716467749748553
KEGG_BLADDER_CANCER	39	2	0.3205838460937846	0.6767986212095292
KEGG_O_GLYCAN_BIOSYNTHESIS	23	1	0.3296770810785006	0.6767986212095292
KEGG_DORSO_VENTRAL_AXIS_FORMATION	23	1	0.3296770810785006	0.6767986212095292
KEGG_NUCLEOTIDE_EXCISION_REPAIR	40	2	0.3348323944450651	0.6767986212095292
KEGG_VASOPRESSIN_REGULATED_WATER_REABSORPTION	40	2	0.3348323944450651	0.6767986212095292
KEGG_FOLATE_BIOSYNTHESIS	8	0	0.3426185013640928	0.6767986212095292
KEGG_STEROID_HORMONE_BIOSYNTHESIS	24	1	0.3486604993654363	0.6767986212095292
KEGG_ALLOGRAFT_REJECTION	24	1	0.3486604993654363	0.6767986212095292
KEGG_ECM_RECEPTOR_INTERACTION	77	4	0.35690364764466703	0.6767986212095292
KEGG_COLORECTAL_CANCER	60	3	0.36711496354501594	0.6767986212095292
KEGG_GLYCINE_SERINE_AND_THREONINE_METABOLISM	25	1	0.36746189550211483	0.6767986212095292
KEGG_TIGHT_JUNCTION	115	6	0.37178580379507487	0.6767986212095292
KEGG_PENTOSE_AND_GLUCURONATE_INTERCONVERSIONS	9	0	0.3762372910902507	0.6767986212095292
KEGG_TAURINE_AND_HYPOTAURINE_METABOLISM	9	0	0.3762372910902507	0.6767986212095292
KEGG_LONG_TERM_DEPRESSION	61	3	0.3789257509476788	0.6767986212095292
KEGG_GRAFT_VERSUS_HOST_DISEASE	26	1	0.3860504463574729	0.6767986212095292
KEGG_PRIMARY_IMMUNODEFICIENCY	26	1	0.3860504463574729	0.6767986212095292
KEGG_RIBOSOME	80	4	0.3878965188532262	0.6767986212095292
KEGG_GLYCOLYSIS_GLUCONEOGENESIS	44	2	0.39152593525694324	0.6767986212095292
KEGG_ARGININE_AND_PROLINE_METABOLISM	44	2	0.39152593525694324	0.6767986212095292
KEGG_PARKINSONS_DISEASE	100	5	0.40287849811749	0.6767986212095292
KEGG_CITRATE_CYCLE_TCA_CYCLE	27	1	0.4043989193773325	0.6767986212095292
KEGG_HOMOLOGOUS_RECOMBINATION	27	1	0.4043989193773325	0.6767986212095292
KEGG_LIMONENE_AND_PINENE_DEGRADATION	10	0	0.40814446135868887	0.6767986212095292
KEGG_PROSTATE_CANCER	82	4	0.40852593721368236	0.6767986212095292
KEGG_CARDIAC_MUSCLE_CONTRACTION	64	3	0.41419607764274424	0.6767986212095292
KEGG_FC_EPSILON_RI_SIGNALING_PATHWAY	64	3	0.41419607764274424	0.6767986212095292
KEGG_MTOR_SIGNALING_PATHWAY	46	2	0.4194590033946395	0.6767986212095292
KEGG_RNA_POLYMERASE	28	1	0.42248338926485096	0.6767986212095292
KEGG_OXIDATIVE_PHOSPHORYLATION	103	5	0.4307114829892392	0.6767986212095292
KEGG_OLFACTORY_TRANSDUCTION	47	2	0.4332706300589094	0.6767986212095292
KEGG_GLYCEROPHOSPHOLIPID_METABOLISM	66	3	0.43748027136775525	0.6767986212095292
KEGG_RENIN_ANGIOTENSIN_SYSTEM	11	0	0.4384267649211677	0.6767986212095292
KEGG_JAK_STAT_SIGNALING_PATHWAY	104	5	0.4399503737482844	0.6767986212095292
KEGG_CYSTEINE_AND_METHIONINE_METABOLISM	29	1	0.4402829740126507	0.6767986212095292
KEGG_VEGF_SIGNALING_PATHWAY	67	3	0.44902736327979476	0.6842375230774295
KEGG_AUTOIMMUNE_THYROID_DISEASE	30	1	0.4577795890634966	0.6842375230774295
KEGG_ENDOMETRIAL_CANCER	49	2	0.4605211214455056	0.6842375230774295
KEGG_GLYCOSPHINGOLIPID_BIOSYNTHESIS_GLOBO_SERIES	12	0	0.46716657728824884	0.6842375230774295
KEGG_NON_HOMOLOGOUS_END_JOINING	12	0	0.46716657728824884	0.6842375230774295
KEGG_RETINOL_METABOLISM	31	1	0.47495771844997925	0.6842375230774295
KEGG_BASE_EXCISION_REPAIR	31	1	0.47495771844997925	0.6842375230774295
KEGG_TRYPTOPHAN_METABOLISM	32	1	0.49180420183293616	0.6842375230774295
KEGG_PEROXISOME	71	3	0.49440203957911266	0.6842375230774295
KEGG_ALPHA_LINOLENIC_ACID_METABOLISM	13	0	0.494442116590725	0.6842375230774295
KEGG_RIBOFLAVIN_METABOLISM	13	0	0.494442116590725	0.6842375230774295
KEGG_TERPENOID_BACKBONE_BIOSYNTHESIS	13	0	0.494442116590725	0.6842375230774295
KEGG_CIRCADIAN_RHYTHM_MAMMAL	13	0	0.494442116590725	0.6842375230774295
KEGG_NOD_LIKE_RECEPTOR_SIGNALING_PATHWAY	52	2	0.5003027050458624	0.6842375230774295
KEGG_BASAL_CELL_CARCINOMA	52	2	0.5003027050458624	0.6842375230774295
KEGG_GLYCOSAMINOGLYCAN_BIOSYNTHESIS_KERATAN_SULFATE	14	0	0.5203276524479787	0.6962657795347053
KEGG_GLYOXYLATE_AND_DICARBOXYLATE_METABOLISM	14	0	0.5203276524479787	0.6962657795347053
KEGG_MATURITY_ONSET_DIABETES_OF_THE_YOUNG	14	0	0.5203276524479787	0.6962657795347053
KEGG_DNA_REPLICATION	34	1	0.5244601928360915	0.6967828276250929
KEGG_SNARE_INTERACTIONS_IN_VESICULAR_TRANSPORT	35	1	0.5402534439741823	0.7126747558808362
KEGG_GLYCOSPHINGOLIPID_BIOSYNTHESIS_GANGLIO_SERIES	15	0	0.5448937043904121	0.7137340071592722
KEGG_WNT_SIGNALING_PATHWAY	137	6	0.555520783259934	0.7172843567307832
KEGG_SPHINGOLIPID_METABOLISM	36	1	0.5556822061118656	0.7172843567307832
KEGG_RNA_DEGRADATION	57	2	0.5631159231015268	0.7172843567307832
KEGG_SPLICEOSOME	118	5	0.5646029449329742	0.7172843567307832
KEGG_PANTOTHENATE_AND_COA_BIOSYNTHESIS	16	0	0.5682072303559826	0.7172843567307832
KEGG_ALDOSTERONE_REGULATED_SODIUM_REABSORPTION	37	1	0.5707423913771823	0.7172843567307832
KEGG_ADIPOCYTOKINE_SIGNALING_PATHWAY	58	2	0.5750964088935512	0.7179055842563793
KEGG_AXON_GUIDANCE	120	5	0.5813753798958397	0.7209054710708411
KEGG_ASTHMA	17	0	0.5903318057551108	0.7271636812612623
KEGG_ANTIGEN_PROCESSING_AND_PRESENTATION	60	2	0.5984376711028784	0.7322987291127327
KEGG_DILATED_CARDIOMYOPATHY	82	3	0.609836313488244	0.7383569454851486
KEGG_LINOLEIC_ACID_METABOLISM	18	0	0.6113277935737251	0.7383569454851486
KEGG_LEISHMANIA_INFECTION	62	2	0.6209311757768423	0.7431239888074331
KEGG_AMINO_SUGAR_AND_NUCLEOTIDE_SUGAR_METABOLISM	41	1	0.6272605711976721	0.7431239888074331
KEGG_GLYCEROLIPID_METABOLISM	41	1	0.6272605711976721	0.7431239888074331
KEGG_ENDOCYTOSIS	169	7	0.6401832720440267	0.7464804107219423
KEGG_HEMATOPOIETIC_CELL_LINEAGE	64	2	0.6425584172708071	0.7464804107219423
KEGG_GLYCOSPHINGOLIPID_BIOSYNTHESIS_LACTO_AND_NEOLACTO_SERIES	20	0	0.6501603577255626	0.7464804107219423
KEGG_NITROGEN_METABOLISM	20	0	0.6501603577255626	0.7464804107219423
KEGG_PROXIMAL_TUBULE_BICARBONATE_RECLAMATION	20	0	0.6501603577255626	0.7464804107219423
KEGG_GALACTOSE_METABOLISM	21	0	0.6681030121451281	0.7531343045999626
KEGG_GLYCOSYLPHOSPHATIDYLINOSITOL_GPI_ANCHOR_BIOSYNTHESIS	21	0	0.6681030121451281	0.7531343045999626
KEGG_NICOTINATE_AND_NICOTINAMIDE_METABOLISM	21	0	0.6681030121451281	0.7531343045999626
KEGG_T_CELL_RECEPTOR_SIGNALING_PATHWAY	89	3	0.6743299990057123	0.7549801428073524
KEGG_NOTCH_SIGNALING_PATHWAY	45	1	0.6778585153162788	0.7549801428073524
KEGG_PROTEIN_EXPORT	22	0	0.6851295194700529	0.7585362536989871
KEGG_CELL_ADHESION_MOLECULES_CAMS	113	4	0.6928139183303368	0.7625052592274713
KEGG_AMYOTROPHIC_LATERAL_SCLEROSIS_ALS	49	1	0.7227445198901138	0.7907675335268305
KEGG_PROGESTERONE_MEDIATED_OOCYTE_MATURATION	73	2	0.7290131371213782	0.7929616579214991
KEGG_STARCH_AND_SUCROSE_METABOLISM	26	0	0.7449708124582135	0.803691396236901
KEGG_PURINE_METABOLISM	143	5	0.7475194169300208	0.803691396236901
KEGG_HYPERTROPHIC_CARDIOMYOPATHY_HCM	76	2	0.7539373529062865	0.8059330324170648
KEGG_DRUG_METABOLISM_OTHER_ENZYMES	28	0	0.7704988552064929	0.8142771992523163
KEGG_PRION_DISEASES	28	0	0.7704988552064929	0.8142771992523163
KEGG_FRUCTOSE_AND_MANNOSE_METABOLISM	29	0	0.7822922795348444	0.8174514831094442
KEGG_THYROID_CANCER	29	0	0.7822922795348444	0.8174514831094442
KEGG_TOLL_LIKE_RECEPTOR_SIGNALING_PATHWAY	81	2	0.7913663670765946	0.8199317847200426
KEGG_BASAL_TRANSCRIPTION_FACTORS	30	0	0.7934823723097185	0.8199317847200426
KEGG_LYSOSOME	110	3	0.8219626132339923	0.844668762770843
KEGG_INTESTINAL_IMMUNE_NETWORK_FOR_IGA_PRODUCTION	34	0	0.8328010723670276	0.8511043926388303
KEGG_PYRUVATE_METABOLISM	35	0	0.8414054143785819	0.8551989457618373
KEGG_LYSINE_DEGRADATION	42	0	0.8904751051354617	0.900154182365195
KEGG_UBIQUITIN_MEDIATED_PROTEOLYSIS	123	2	0.9556046475765518	0.9600324058910626
KEGG_VIRAL_MYOCARDITIS	61	0	0.9600324058910626	0.9600324058910626
